40,3
40,2
40,1
40,0
39,4
39,2
39,1
39,0
38,4
38,2
38,1
38,0
37,8
37,7
37,6
37,5
37,4
37,2
37,1
37,0
36,2
36,1
36,0
35,5
35,4
35,3
35,2
35,1
35,0
34,5
34,4
34,3
34,2
34,1
34,0
33,3
33,2
33,1
33,0
36,3
32,4
32,3
32,2
32,1
32,0
38,3
31,4
31,2
31,1
31,0
30,4
30,2
30,1
30,0
31,3
29,2
29,1
29,0
37,3
28,4
28,3
28,2
28,1
28,0
39,3
27,5
27,4
27,3
27,2
27,1
27,0
30,3
26,4
26,3
26,2
26,1
26,0
29,3
25,4
25,3
25,2
25,1
25,0
24,3
24,2
24,1
24,0
23,3
23,2
23,1
23,0
4,3
4,2
4,1
4,0
3,6
3,5
3,4
3,3
3,2
3,1
3,0
2,3
2,2
2,1
2,0
1,3
1,2
1,1
1,0
0,324
0,243
0,9
0,1
0,0
0,300
0,299
0,298
0,297
0,296
0,295
0,294
0,293
0,292
0,291
0,290
0,289
0,288
0,287
0,286
0,285
0,284
0,283
0,282
0,281
0,280
0,279
0,278
0,277
0,276
0,275
0,274
0,273
0,272
0,271
0,270
0,269
0,268
0,267
0,266
0,384
0,265
0,383
0,264
0,382
0,263
0,262
0,381
0,261
0,380
0,260
0,259
0,379
0,258
0,378
0,257
0,377
0,256
0,376
0,255
0,375
0,254
0,374
0,253
0,373
0,252
0,372
0,251
0,371
0,250
0,249
0,248
0,247
0,246
0,245
0,244
0,242
0,241
0,240
0,370
0,239
0,238
0,369
0,237
0,236
0,235
0,368
0,234
0,233
0,367
0,232
0,366
0,231
0,365
0,230
0,364
0,229
0,363
0,228
0,362
0,227
0,361
0,226
0,360
0,225
0,359
0,224
0,358
0,223
0,357
0,222
0,356
0,221
0,355
0,220
0,354
0,219
0,353
0,218
0,349
0,217
0,348
0,216
0,352
0,215
0,347
0,214
0,346
0,213
0,345
0,212
0,344
0,211
0,343
0,210
0,342
0,209
0,341
0,208
0,340
0,207
0,339
0,206
0,338
0,205
0,337
0,204
0,336
0,203
0,335
0,202
0,334
0,201
0,333
0,200
0,332
0,199
0,331
0,198
0,330
0,197
0,329
0,196
0,328
0,195
0,327
0,194
0,326
0,193
0,325
0,192
0,323
0,63
0,322
0,62
0,321
0,61
0,320
0,60
0,319
0,59
0,351
0,58
0,318
0,57
0,350
0,56
0,317
0,55
0,316
0,54
0,315
0,53
0,314
0,52
0,313
0,51
0,312
0,50
0,311
0,49
0,310
0,48
0,309
0,47
0,308
0,46
0,307
0,45
0,301
0,6
0,5
0,304
0,303
0,306
0,305
0,302
0,12
0,10
0,8
0,11
0,4
0,2
0,3
0,7
